LLWearable version 22
Sexy - Male Shape
First Life look
	permissions 0
	{
		base_mask	7fffffff
		owner_mask	7fffffff
		group_mask	7fffffff
		everyone_mask	7fffbfff
		next_owner_mask	7fffffff
		creator_id	00000000-0000-0000-0000-000000000000
		owner_id	3d924400-038e-6ad9-920b-cfbb9b40585c
		last_owner_id	101358d5-469d-4b24-9b85-4dc3c05e635d
		group_id	00000000-0000-0000-0000-000000000000
	}
	sale_info	0
	{
		sale_type	not
		sale_price	10
	}
type 0
parameters 82
1 -.3
2 -.57
4 -.2
5 .18
6 -.3
7 .2
8 -.1
10 1.2
11 .1
12 .85
13 .32
14 1
15 -.22
17 .4
18 -1.5
19 -.13
20 .1
21 .1
22 .5
23 -.1
24 .07
25 0
27 -.05
33 1.14
34 .4
35 .29
36 .92
37 -.8
38 .1
80 1
105 .41
155 -.24
157 .1
185 -.2
193 .55
196 -.44
505 .5
506 .24
507 -.39
515 1
517 -.05
518 .96
629 .05
637 0
646 -.04
647 .25
649 .46
650 -.05
652 1
653 .5
656 0
659 .4
662 .5
663 0
664 0
665 .08
675 .09
676 .05
678 .75
682 .75
683 -.01
684 .12
685 -.5
690 .5
692 1
693 .1
753 .9
756 .5
758 0
759 .37
760 .24
764 -.07
765 -.02
769 .3
773 .75
795 .73
796 -.26
799 .65
841 0
842 .54
879 1.52
880 -.55
textures 0
