LLWearable version 22
Sexy - Female Shape
My  Regular Self
	permissions 0
	{
		base_mask	0008e000
		owner_mask	0008e000
		group_mask	0008e000
		everyone_mask	0008a000
		next_owner_mask	0008e000
		creator_id	00000000-0000-0000-0000-000000000000
		owner_id	3d924400-038e-6ad9-920b-cfbb9b40585c
		last_owner_id	3d924400-038e-6ad9-920b-cfbb9b40585c
		group_id	00000000-0000-0000-0000-000000000000
	}
	sale_info	0
	{
		sale_type	not
		sale_price	10
	}
type 0
parameters 82
1 -.3
2 -.5
4 -.28
5 .34
6 0
7 -.25
8 0
10 -.02
11 .62
12 -.5
13 .44
14 1
15 .06
17 -.08
18 -1.5
19 -.35
20 .34
21 -.2
22 0
23 -.5
24 .32
25 .46
27 -.77
33 2
34 -.52
35 -.13
36 .38
37 -.08
38 -.78
80 0
105 .56
155 -.37
157 0
185 -1
193 .75
196 -.8
505 .27
506 -.6
507 -.21
515 -1
517 .07
518 .65
629 .15
637 .12
646 -.04
647 .65
649 .31
650 .5
652 .65
653 .8
656 0
659 .6
662 .5
663 0
664 0
665 .2
675 -.15
676 .11
678 .5
682 .5
683 -.18
684 .13
685 0
690 .4
692 -.12
693 .28
753 .3
756 -.28
758 .21
759 .3
760 .59
764 -.5
765 -.3
769 .5
773 .55
795 .4
796 .25
799 .52
841 0
842 -.42
879 0
880 -1.05
textures 0
