LLWearable version 22
Professional Male - C - med - Adam n Eve

	permissions 0
	{
		base_mask	00082000
		owner_mask	00082000
		group_mask	00000000
		everyone_mask	00000000
		next_owner_mask	00082000
		creator_id	df110c10-72e6-40d6-8916-14b4b0366b18
		owner_id	285a8af7-7a1d-4608-8fb5-200b816e7ee1
		last_owner_id	285a8af7-7a1d-4608-8fb5-200b816e7ee1
		group_id	00000000-0000-0000-0000-000000000000
	}
	sale_info	0
	{
		sale_type	not
		sale_price	10
	}
type 0
parameters 82
1 .39
2 -.31
4 .14
5 .05
6 0
7 -.03
8 -.34
10 -.33
11 -.02
12 -.5
13 .06
14 .49
15 0
17 -.46
18 .46
19 -.6
20 -.16
21 -.2
22 0
23 -.1
24 -.24
25 .4
27 -.05
33 -.02
34 .31
35 0
36 -.5
37 -.08
38 -.58
80 1
105 .5
155 .07
157 0
185 -.52
193 .43
196 -1.37
505 .51
506 0
507 0
515 -.48
517 -.1
518 0
629 .3
637 .11
646 -.22
647 .11
649 .5
650 -.22
652 .55
653 .44
656 0
659 .5
662 .5
663 0
664 0
665 0
675 -.04
676 .35
678 .49
682 .61
683 -.15
684 0
685 -.02
690 .5
692 .58
693 .36
753 .16
756 -.18
758 -.12
759 .5
760 .43
764 .64
765 -.1
769 .6
773 .52
795 .36
796 0
799 .62
841 -.04
842 0
879 -.18
880 .08
textures 0
