LLWearable version 22
Male Shape & Outfit Shape

	permissions 0
	{
		base_mask	7fffffff
		owner_mask	7fffffff
		group_mask	7fffffff
		everyone_mask	7fffbfff
		next_owner_mask	7fffffff
		creator_id	00000000-0000-0000-0000-000000000000
		owner_id	d929385f-41e3-4a34-a04e-f1fc39f24f12
		last_owner_id	00000000-0000-0000-0000-000000000000
		group_id	00000000-0000-0000-0000-000000000000
	}
	sale_info	0
	{
		sale_type	not
		sale_price	10
	}
type 0
parameters 82
1 0
2 -.44
4 -.02
5 -.1
6 -.18
7 .02
8 -.5
10 .52
11 -.12
12 .01
13 0
14 .07
15 .22
17 .32
18 -.1
19 -.25
20 .06
21 .02
22 1
23 -.5
24 .6
25 0
27 -.3
33 1.14
34 -.26
35 .11
36 -.2
37 .1
38 .1
80 1
105 .61
155 -.44
157 0
185 -.16
193 .5
196 -.44
505 .4
506 -.52
507 -.45
515 .2
517 -.02
518 .15
629 .37
637 0
646 .42
647 -.2
649 .43
650 -.27
652 .5
653 .44
656 0
659 .61
662 .5
663 0
664 0
665 0
675 -.05
676 -.19
678 .62
682 .7
683 -.1
684 -.14
685 -.12
690 .4
692 .3
693 -.1
753 .44
756 0
758 .21
759 .8
760 1.23
764 .78
765 -.3
769 .36
773 .55
795 .5
796 .11
799 .5
841 0
842 0
879 .75
880 -1.3
textures 0
